parsed_debug_rows=41089
stuck_rows=121
stuck_segments_h1=0
stuck_segments_h2=92
segments_h2: start_step end_step count max_still
       58       58     1        20
      109      109     1        20
      108      108     1        20
       55       80    26        45
       44       44     1        20
       66       66     1        20
       88       88     1        20
      110      110     1        20
       51       51     1        20
       74       74     1        20
       96       96     1        20
      119      119     1        20
       70       70     1        20
       93       93     1        20
      101      101     1        20
       96       96     1        20
      119      119     1        20
      116      116     1        20
       45       45     1        20
       67       67     1        20
       89       89     1        20
      111      111     1        20
       56       56     1        20
       78       78     1        20
      100      100     1        20
       97       97     1        20
      120      120     1        20
       79       79     1        20
      120      120     1        20
      102      102     1        20
       73       73     1        20
       96       97     2        21
       97       97     1        20
      109      109     1        20
       57       57     1        20
       79       79     1        20
      102      102     1        20
       73       73     1        20
       95       95     1        20
      117      117     1        20
      104      104     1        20
      119      119     1        20
      120      120     1        20
      110      110     1        20
       37       37     1        20
       95       95     1        20
       52       52     1        20
       74       74     1        20
       97       97     1        20
      119      119     1        20
       44       44     1        20
       66       66     1        20
       88       88     1        20
      110      110     1        20
       71       71     1        20
       93       93     1        20
      115      115     1        20
       82       82     1        20
       69       69     1        20
       91       91     1        20
      113      113     1        20
       62       62     1        20
       84       84     1        20
      106      106     1        20
       91       91     1        20
       50       50     1        20
       73       73     1        20
       95       95     1        20
      117      117     1        20
      120      120     1        20
      102      102     1        20
       64       64     1        20
       84       84     1        20
       95       95     1        20
      118      118     1        20
      103      105     3        22
       52       52     1        20
       74       74     1        20
       96       96     1        20
       47       47     1        20
       69       69     1        20
       91       91     1        20
      113      113     1        20
       81       81     1        20
      104      104     1        20
      104      105     2        21
       36       36     1        20
       58       58     1        20
       81       81     1        20
      103      103     1        20
      119      119     1        20
      103      103     1        20
step prep dpos_h1 dpos_h2 still_h1 still_h2 stuck_h1 stuck_h2
  58    1 0.2166 0.0005        0       20        0        1
